       0
       0
       0
       0
       0
       0
       0
       0
       0
       0
       0
       0
       0
       0
       0
       0
       0
       0
       0
       0
       0
       0
       0
       0
       0
       0
       0
       0
       0
       0
       0
       0
       0
       0
       0
       0
       0
       0
       0
       0
       0
       0
       0
       0
       0
       0
       0
       0
       0
       0
       0
       0
       0
       0
       0
       0
       0
       0
       0
       0
       0
       0
       0
       0
       0
       0
       0
       0
       0
       0
       0
       0
       0
       0
       0
       0
       0
       0
       0
       0
       0
       0
       0
       0
       0
       0
       0
       0
       0
       0
       0
       0
       0
       0
       0
       0
       0
       0
       0
       0
       0
       0
       0
       0
       0
       0
       0
       0
       0
       0
       0
       0
       0
       0
       0
       0
       0
       0
       0
       0
       0
       0
       0
       0
       0
       0
       0
       0
       0
       0
       0
       0
       0
       0
       0
       0
       0
       0
       0
       0
       0
       0
       0
       0
       0
       0
       0
       0
       0
       0
       0
       0
       0
       0
       0
    2070
   20081
   37860
   32479
   -1085
    2125
       0
       0
       0
       0
       0
       0
       0
       0
       0
       0
       0
       0
       0
       0
       0
       0
       0
       0
       0
       0
    5796
   20540
   49390
   83758
   78367
   67833
   10490
  -14138
    3075
       0
       0
       0
       0
       0
       0
       0
       0
       0
       0
       0
       0
       0
       0
       0
       0
     828
    8612
   19061
   61739
   79581
   72506
   37406
   -8921
  -31972
  -85382
  -58778
  -22161
       0
       0
       0
       0
       0
       0
       0
       0
       0
       0
       0
       0
       0
       0
    1656
    6874
   21263
   66507
   75709
   64591
    5310
  -62174
  -60314
  -63817
 -126864
  -87674
   -1401
   11769
       0
       0
       0
       0
       0
       0
       0
       0
       0
       0
       0
       0
    2070
    1865
   32876
   65656
   77535
   58696
    4623
 -103131
 -145247
  -60530
  -26217
  -77690
 -135797
  -16214
    9720
     981
       0
       0
       0
       0
       0
       0
       0
       0
       0
       0
     828
    7370
   42577
   66058
   83233
   57385
   -4352
 -115574
 -137624
 -128596
  -35040
   59523
  -23992
 -142983
  -56064
    6785
    9156
       0
       0
       0
       0
       0
       0
       0
       0
       0
       0
       0
   45872
   69623
   84679
   57790
  -30582
 -117243
 -140660
 -125961
  -74601
    2804
  107633
    6253
 -121147
 -111041
   -2921
   13436
       0
       0
       0
       0
       0
       0
       0
       0
       0
       0
       0
   30222
   97300
   58512
  -37625
 -119035
 -149580
 -122741
  -67123
   -1472
    9791
   75226
   49478
  -85365
 -155316
  -22490
    9759
    2398
       0
       0
       0
       0
       0
       0
       0
       0
       0
       0
       0
   25987
   17408
  -36656
  -67596
  -61280
  -37649
    2421
   12300
    9007
   40383
   85532
  -36597
 -149989
  -65689
    6004
   10682
       0
       0
       0
       0
       0
       0
       0
       0
       0
       0
       0
       0
  -29369
 -109865
  -96322
  -34799
    8546
   32072
   35988
   14195
    8050
   91528
    6602
 -118695
 -122167
   -6808
   12487
       0
       0
       0
       0
       0
       0
       0
       0
       0
       0
       0
       0
       0
  -25410
  -69930
  -69397
  -73088
  -52031
    2164
   14000
   17610
   43992
   47376
  -74948
 -160515
  -28458
   10089
    3815
       0
       0
       0
       0
       0
       0
       0
       0
       0
       0
       0
       0
       0
       0
       0
  -29766
  -67761
  -68236
  -72638
  -53162
    7396
    7062
  -81211
  -95915
  -55647
    6416
   13649
       0
       0
       0
       0
       0
       0
       0
       0
       0
       0
       0
       0
       0
       0
       0
       0
       0
       0
  -28677
  -66942
  -68296
   15711
   -6428
  -61420
  -27387
   33072
  -31977
   -6084
       0
       0
       0
       0
       0
       0
       0
       0
       0
       0
       0
       0
       0
       0
       0
       0
       0
       0
       0
       0
   29917
   18948
  -46220
 -151591
  -94371
  -62799
  -64688
  -29773
       0
       0
       0
       0
       0
       0
       0
       0
       0
       0
       0
       0
       0
       0
       0
       0
       0
       0
       0
   21528
   97376
  -21934
 -140696
 -121939
  -82150
  -45353
   22221
   13026
       0
       0
       0
       0
       0
       0
       0
       0
       0
       0
       0
       0
       0
       0
       0
       0
       0
       0
       0
   -2132
  -38714
 -112931
 -141567
  -11356
  -14894
  -12939
   12400
    5777
       0
       0
       0
       0
       0
       0
       0
       0
       0
       0
       0
       0
       0
       0
       0
       0
       0
       0
       0
  -18876
  -91206
  -86156
  -10701
   13173
    6758
       0
       0
       0
       0
       0
       0
       0
       0
       0
       0
       0
       0
       0
       0
       0
       0
       0
       0
       0
       0
       0
       0
       0
  -29403
  -33003
   18819
   12099
       0
       0
       0
       0
       0
       0
       0
       0
       0
       0
       0
       0
       0
       0
       0
       0
       0
       0
       0
       0
       0
       0
       0
       0
       0
       0
       0
       0
       0
       0
       0
       0
       0
       0
       0
       0
       0
       0
       0
       0
       0
       0
       0
       0
       0
       0
       0
       0
       0
       0
       0
       0
       0
       0
       0
       0
       0
       0
       0
       0
       0
       0
       0
       0
       0
       0
       0
       0
       0
       0
       0
       0
       0
       0
       0
       0
       0
       0
       0
       0
       0
       0
       0
       0
       0
       0
       0
       0
       0
       0
       0
       0
       0
       0
       0
       0
       0
       0
       0
       0
       0
       0
       0
       0
       0
       0
       0
       0
       0
       0
       0
       0
       0
       0
       0
       0
       0
       0
       0
       0
       0
       0
       0
       0
       0
       0
       0
       0
       0
       0
       0
       0
       0
       0
       0
       0
       0
       0
       0
       0
       0
       0
       0
       0
       0
       0
       0
       0
       0
       0
       0
       0
       0
       0
       0
