        0
        0
        0
        0
        0
        0
        0
        0
        0
        0
        0
        0
        0
        0
        0
        0
        0
        0
        0
        0
        0
       -3
     -312
     -140
       49
        5
        0
        0
        0
        0
        0
        0
        0
      -70
     -388
     -257
     -156
     -881
      331
      206
        0
        0
        0
        0
        0
      -70
     -439
     -318
     -231
      346
      288
      650
      128
     -290
        0
        0
        0
     -132
     -475
     -425
      -94
     -241
      259
      129
     2110
     2015
      716
     -872
        0
        0
      -67
     -327
     -177
      186
      337
      848
     1352
     2833
     3362
     3354
      273
     -497
        0
        0
     -164
      238
     1721
     1774
     2253
     1722
     1665
     2214
     3407
     2084
     -440
        8
        0
        0
     -108
      594
     2506
     3363
     3082
      902
      865
     1621
     2295
     -686
     -236
        0
        0
        0
      385
      805
     1435
     2566
     3220
     2730
     1885
     1885
      209
     -165
        0
        0
        0
        0
        0
      275
      641
      877
     2137
     2967
     4998
     3886
      691
     -494
        0
        0
        0
        0
        0
        0
        0
     -200
     1666
     3212
     3608
     1155
       -6
     -353
        0
        0
        0
        0
        0
        0
        0
      601
     1700
     2388
      955
      133
        9
     -111
        0
        0
        0
        0
        0
        0
        0
      275
      114
      342
      154
       -7
        0
        0
        0
        0
        0
        0
        0
        0
        0
        0
        0
        0
        0
        0
        0
        0
        0
        0
        0
        0
