      -414
      -416
       208
       499
      -521
       347
      -241
       290
       517
       479
      -838
     -1471
      -659
      -278
       981
      -252
       766
      -129
       802
      -299
       -92
       506
       672
       862
       495
       633
      -790
      -452
     -1053
       170
       593
      1409
     -1137
      -318
      -691
     -1177
     -1288
       297
        18
      -161
      -802
      -455
      -537
     -1069
     -1087
      -745
     -1058
     -1053
      -286
