      -444
      -341
      -284
       -44
      -414
      -631
       145
       162
      -287
      -374
      -738
     -1051
       425
       602
      1020
        17
     -1075
      -721
      -326
      1116
       459
      1209
      1899
      1275
      1786
       235
      -428
       434
      1141
      1534
       187
      -607
       119
       386
       307
       192
       974
      1073
       487
      -219
       -30
        -5
      -149
        40
       232
       436
       274
       426
       -47
