        0
        0
        0
        0
        0
        0
        0
        0
        0
        0
        0
        0
        0
        0
        0
        0
        0
        0
        0
        0
        0
      -76
       63
     -109
      -64
       47
        0
        0
        0
        0
        0
        0
        0
     -145
     -223
     -461
    -1204
     -372
      -43
      697
        0
        0
        0
        0
        0
     -145
     -159
     -876
     -980
    -1889
    -3224
    -2596
    -1035
      641
        0
        0
        0
      -66
     -452
     -781
    -1231
    -1766
    -3086
    -3213
    -3431
    -3097
    -1316
     -128
        0
        0
      -69
    -1048
    -1583
    -1671
    -3509
    -3395
    -3532
    -2140
    -3262
    -1803
      337
      -84
        0
        0
     -145
    -1647
    -3042
    -3053
    -2144
    -3241
    -3455
    -2712
    -2467
     -805
     -331
      237
        0
        0
     -341
    -1199
    -1259
    -2725
    -3484
    -2013
    -1231
    -1560
    -2025
      816
      404
        0
        0
        0
     -146
     -332
     -690
     -477
    -2129
    -3263
    -3405
    -3723
     -265
      652
        0
        0
        0
        0
        0
      -68
     -173
    -1345
    -1046
    -2186
    -3122
    -1632
    -1306
     -164
        0
        0
        0
        0
        0
        0
        0
     -789
    -1509
    -2153
    -2939
     -653
      751
      -44
        0
        0
        0
        0
        0
        0
        0
     -351
     -629
     -487
      153
      170
      646
      130
        0
        0
        0
        0
        0
        0
        0
      -68
     -699
     -217
      801
      330
        0
        0
        0
        0
        0
        0
        0
        0
        0
        0
        0
        0
        0
        0
        0
        0
        0
        0
        0
        0
