       200
       152
      -740
      -986
     -1112
      -681
      -451
      -761
      -730
     -1643
     -1076
      -483
        59
      -880
        34
     -1396
     -1824
     -1196
      -371
       579
      -591
      -347
      -758
       873
        35
      -228
      -286
      -160
       403
       280
      -508
      -286
        62
       -96
       276
       678
      -373
      -241
       149
       557
       143
       253
       162
       483
       519
       300
       608
       654
       218
