        0
        0
        0
        0
        0
        0
        0
        0
        0
        0
        0
        0
        0
        0
        0
        0
        0
        0
        0
        0
        0
      -44
      204
      297
     -382
      -56
        0
        0
        0
        0
        0
        0
        0
       22
       47
       12
      130
        6
     -113
        2
        0
        0
        0
        0
        0
       22
        0
      371
      124
      749
     1642
      847
      179
      145
        0
        0
        0
       70
       16
       88
      320
      522
     1412
     1228
      530
      233
     -303
       65
        0
        0
       66
      411
     1376
      444
     1191
      230
     1871
     2221
      -75
     -646
     -597
     -748
        0
        0
      346
     1034
     2051
     1089
      429
     1198
      246
      214
     -350
     -105
     -492
       78
        0
        0
     -159
      518
     2625
     2263
     1486
      626
     -869
     -753
     -628
     -923
     -607
        0
        0
        0
       86
      570
     1158
     2538
     2981
     2057
       13
      764
     -911
     -446
        0
        0
        0
        0
        0
        8
      197
     1644
     1926
     2523
      183
      895
     -418
      775
        0
        0
        0
        0
        0
        0
        0
     -200
      727
     1058
      262
     -504
       -5
     -454
        0
        0
        0
        0
        0
        0
        0
      183
      686
      603
      314
     -321
       74
      -76
        0
        0
        0
        0
        0
        0
        0
        8
       -5
      268
       52
       99
        0
        0
        0
        0
        0
        0
        0
        0
        0
        0
        0
        0
        0
        0
        0
        0
        0
        0
        0
        0
