        56
       -80
      -534
      -809
      -640
       -89
      -196
      -363
     -1017
      -557
     -1143
      -171
       -12
      -428
      -451
     -1866
      -888
      -666
      1185
       671
       511
      -127
       -97
      -590
      1840
      -454
       286
      -631
      -383
      -131
      2246
      1608
       644
       -67
      -418
       -11
      -481
       815
        88
       971
       -53
      -426
       700
       357
       159
       493
       359
      -141
      -162
