       -88
      -300
       245
      1106
       815
       628
       297
       413
      1326
      1174
       492
       473
       736
      1080
       519
       -37
       244
      -388
       200
       288
       278
     -1031
      -903
     -1248
       174
      1302
      1520
      -261
      -569
      1405
      -578
       307
       462
       466
      -558
      -265
      -107
      1998
      1115
      -489
      -482
      -250
       -68
       140
      1820
      2032
       466
       -21
        39
