       0
       0
       0
       0
       0
       0
       0
       0
       0
       0
       0
       0
       0
       0
       0
       0
       0
       0
       0
       0
       0
       0
       0
       0
       0
       0
       0
       0
       0
       0
       0
       0
       0
       0
       0
       0
       0
       0
       0
       0
       0
       0
       0
       0
       0
       0
       0
       0
       0
       0
       0
       0
       0
       0
       0
       0
       0
       0
       0
       0
       0
       0
       0
       0
       0
       0
       0
       0
       0
       0
       0
       0
       0
       0
       0
       0
       0
       0
       0
       0
       0
       0
       0
       0
       0
       0
       0
       0
       0
       0
       0
       0
       0
       0
       0
       0
       0
       0
       0
       0
       0
       0
       0
       0
       0
       0
       0
       0
       0
       0
       0
       0
       0
       0
       0
       0
       0
       0
       0
       0
       0
       0
       0
       0
       0
       0
       0
       0
       0
       0
       0
       0
       0
       0
       0
       0
       0
       0
       0
       0
       0
       0
       0
       0
       0
       0
       0
       0
       0
       0
       0
       0
       0
       0
       0
    -835
   -8773
  -20389
  -11558
   17330
   24225
       0
       0
       0
       0
       0
       0
       0
       0
       0
       0
       0
       0
       0
       0
       0
       0
       0
       0
       0
       0
   -2338
  -10169
  -23776
  -47232
  -54898
  -38831
    1108
   48726
   35055
       0
       0
       0
       0
       0
       0
       0
       0
       0
       0
       0
       0
       0
       0
       0
       0
    -334
   -3743
   -9924
  -28309
  -52375
  -51145
  -57333
  -72748
  -98010
  -58758
   13836
  -11088
       0
       0
       0
       0
       0
       0
       0
       0
       0
       0
       0
       0
       0
       0
    -668
   -3311
  -10133
  -33981
  -52050
  -49856
  -49937
  -47482
  -81559
 -133465
  -85059
  -44124
  -63414
  -16866
       0
       0
       0
       0
       0
       0
       0
       0
       0
       0
       0
       0
    -835
   -1425
  -13357
  -40237
  -45717
  -50290
  -51861
  -29904
  -26868
  -92296
 -163436
 -118331
  -47407
  -72144
  -40095
   -1161
       0
       0
       0
       0
       0
       0
       0
       0
       0
       0
    -334
   -3242
  -20129
  -37394
  -44996
  -54091
  -50429
  -22288
  -32851
  -55385
  -75044
 -138009
 -105317
  -47056
  -47760
  -64293
  -10836
       0
       0
       0
       0
       0
       0
       0
       0
       0
       0
       0
  -18953
  -47384
  -52212
  -61439
  -39534
  -22442
  -42457
  -54136
  -57251
  -67282
 -107244
  -93588
  -39233
  -32949
  -70598
  -23082
       0
       0
       0
       0
       0
       0
       0
       0
       0
       0
       0
  -12191
  -73779
  -93675
  -40293
  -30259
  -35129
  -53448
  -59726
  -65815
  -35381
  -48242
  -93203
  -46113
  -27776
  -69254
  -46407
   -2838
       0
       0
       0
       0
       0
       0
       0
       0
       0
       0
       0
  -26874
  -73578
 -107299
  -92565
  -63247
  -30956
  -15791
  -16590
  -14534
  -18987
  -80925
  -56458
  -31551
  -40904
  -65349
  -12642
       0
       0
       0
       0
       0
       0
       0
       0
       0
       0
       0
       0
    3982
   -1391
  -95380
 -188108
 -185017
 -100882
  -24164
   33900
   42924
  -42488
  -83289
  -38634
  -32212
  -72490
  -26202
       0
       0
       0
       0
       0
       0
       0
       0
       0
       0
       0
       0
       0
   17780
   36750
  -11086
  -71879
 -138517
 -200133
 -164825
  -74793
  -22582
  -28512
  -24483
  -25338
  -66527
  -52737
   -4515
       0
       0
       0
       0
       0
       0
       0
       0
       0
       0
       0
       0
       0
       0
       0
   20828
   33144
  -11299
  -70646
 -136699
 -201566
 -174116
  -61603
  -64809
  -65119
  -29879
    3351
       0
       0
       0
       0
       0
       0
       0
       0
       0
       0
       0
       0
       0
       0
       0
       0
       0
       0
   20066
   33093
   -9744
 -108597
 -180758
 -124763
 -128035
 -133468
   -2762
   52398
       0
       0
       0
       0
       0
       0
       0
       0
       0
       0
       0
       0
       0
       0
       0
       0
       0
       0
       0
       0
   -4117
  -66467
  -89325
  -64215
  -95035
 -169115
  -70624
  -15981
       0
       0
       0
       0
       0
       0
       0
       0
       0
       0
       0
       0
       0
       0
       0
       0
       0
       0
       0
   -8684
  -77379
  -67062
  -29745
   -8383
  -40777
  -52961
  -93883
  -32715
       0
       0
       0
       0
       0
       0
       0
       0
       0
       0
       0
       0
       0
       0
       0
       0
       0
       0
       0
  -10816
  -35109
  -73950
  -77650
  -81553
  -14902
   -3128
  -21591
   -6837
       0
       0
       0
       0
       0
       0
       0
       0
       0
       0
       0
       0
       0
       0
       0
       0
       0
       0
       0
   13208
   35598
  -31455
  -94787
  -59910
   -7998
       0
       0
       0
       0
       0
       0
       0
       0
       0
       0
       0
       0
       0
       0
       0
       0
       0
       0
       0
       0
       0
       0
       0
   20574
    8997
  -36756
  -14319
       0
       0
       0
       0
       0
       0
       0
       0
       0
       0
       0
       0
       0
       0
       0
       0
       0
       0
       0
       0
       0
       0
       0
       0
       0
       0
       0
       0
       0
       0
       0
       0
       0
       0
       0
       0
       0
       0
       0
       0
       0
       0
       0
       0
       0
       0
       0
       0
       0
       0
       0
       0
       0
       0
       0
       0
       0
       0
       0
       0
       0
       0
       0
       0
       0
       0
       0
       0
       0
       0
       0
       0
       0
       0
       0
       0
       0
       0
       0
       0
       0
       0
       0
       0
       0
       0
       0
       0
       0
       0
       0
       0
       0
       0
       0
       0
       0
       0
       0
       0
       0
       0
       0
       0
       0
       0
       0
       0
       0
       0
       0
       0
       0
       0
       0
       0
       0
       0
       0
       0
       0
       0
       0
       0
       0
       0
       0
       0
       0
       0
       0
       0
       0
       0
       0
       0
       0
       0
       0
       0
       0
       0
       0
       0
       0
       0
       0
       0
       0
       0
       0
       0
       0
       0
       0
