       -96
      -580
      -637
       -10
      1183
      1356
       262
     -1101
       211
       702
      -214
     -2466
     -2087
     -1082
      -536
      -253
     -1731
       527
       167
      -441
      -602
      1557
       -33
        49
     -1356
     -1291
     -1082
      -680
       971
      3418
      2222
      -840
      -881
      -771
      -121
       770
      1627
      1433
      1168
      -421
      -539
      -258
        98
       124
       659
       702
      -989
      -329
       -74
