       0
       0
       0
       0
       0
       0
       0
       0
       0
       0
       0
       0
       0
       0
       0
       0
       0
       0
       0
       0
       0
       0
       0
       0
       0
       0
       0
       0
       0
       0
       0
       0
       0
       0
       0
       0
       0
       0
       0
       0
       0
       0
       0
       0
       0
       0
       0
       0
       0
       0
       0
       0
       0
       0
       0
       0
       0
       0
       0
       0
       0
       0
       0
       0
       0
       0
       0
       0
       0
       0
       0
       0
       0
       0
       0
       0
       0
       0
       0
       0
       0
       0
       0
       0
       0
       0
       0
       0
       0
       0
       0
       0
       0
       0
       0
       0
       0
       0
       0
       0
       0
       0
       0
       0
       0
       0
       0
       0
       0
       0
       0
       0
       0
       0
       0
       0
       0
       0
       0
       0
       0
       0
       0
       0
       0
       0
       0
       0
       0
       0
       0
       0
       0
       0
       0
       0
       0
       0
       0
       0
       0
       0
       0
       0
       0
       0
       0
       0
       0
       0
       0
       0
       0
       0
       0
    -805
   -6584
   -3157
    6569
   12777
   -8330
       0
       0
       0
       0
       0
       0
       0
       0
       0
       0
       0
       0
       0
       0
       0
       0
       0
       0
       0
       0
   -2254
   -4557
   -9590
  -21730
   -9597
   -1880
   39898
    -622
  -12054
       0
       0
       0
       0
       0
       0
       0
       0
       0
       0
       0
       0
       0
       0
       0
       0
    -322
   -2859
   -2443
  -18706
  -11210
  -20233
  -24402
    4832
    6454
   60107
    3128
  -12075
       0
       0
       0
       0
       0
       0
       0
       0
       0
       0
       0
       0
       0
       0
    -644
   -1693
   -5114
  -20854
   -4545
  -30191
   -5159
   10615
   13243
   60245
  101544
   98885
    4476
   11973
       0
       0
       0
       0
       0
       0
       0
       0
       0
       0
       0
       0
    -805
     500
  -13317
  -11101
   -9794
  -29204
   -2723
   30653
   50247
   32931
   42908
   96861
  129357
   21592
   15714
     936
       0
       0
       0
       0
       0
       0
       0
       0
       0
       0
    -322
   -2376
  -13968
   -2116
  -25169
  -19318
   -4230
   37783
   42393
   88256
   55221
   -8286
   76105
  125378
   61249
   12324
    8736
       0
       0
       0
       0
       0
       0
       0
       0
       0
       0
       0
  -18497
   -5365
  -28659
  -15590
    1887
   32907
   50079
   90258
   65175
   45468
  -37675
   22594
   88118
  105271
    6931
   14638
       0
       0
       0
       0
       0
       0
       0
       0
       0
       0
       0
  -11753
  -56279
    -905
    7408
   36803
   65389
   81051
   69169
   46305
   26750
  -26031
  -37950
   75585
  117175
   27937
   16182
    2288
       0
       0
       0
       0
       0
       0
       0
       0
       0
       0
       0
  -34119
  -47592
   42986
   76297
  101994
   82553
   39918
   18499
    8244
  -11622
  -62711
   44294
  111153
   68976
   10287
   10192
       0
       0
       0
       0
       0
       0
       0
       0
       0
       0
       0
       0
   -4901
   16875
   38037
   40565
   49714
   43088
   19426
   10337
   -5474
  -66712
    2711
   81078
  109640
    8673
   14807
       0
       0
       0
       0
       0
       0
       0
       0
       0
       0
       0
       0
       0
   16310
   51030
   47329
   48714
   37981
    9862
   20982
   24887
     874
  -58088
   63789
  119592
   34012
   16845
    3640
       0
       0
       0
       0
       0
       0
       0
       0
       0
       0
       0
       0
       0
       0
       0
   19106
   50691
   49426
   48441
   38536
    8048
   14248
   28682
   74540
  107309
    9408
    5468
       0
       0
       0
       0
       0
       0
       0
       0
       0
       0
       0
       0
       0
       0
       0
       0
       0
       0
   18407
   49902
   49802
    8967
   80131
   78880
   57919
   60708
   48951
  -26026
       0
       0
       0
       0
       0
       0
       0
       0
       0
       0
       0
       0
       0
       0
       0
       0
       0
       0
       0
       0
   -4984
  -18617
   78856
  103131
   14913
   47563
   68932
  -17674
       0
       0
       0
       0
       0
       0
       0
       0
       0
       0
       0
       0
       0
       0
       0
       0
       0
       0
       0
   -8372
  -70757
   32181
   98773
  110551
   46529
   84029
   42290
   16809
       0
       0
       0
       0
       0
       0
       0
       0
       0
       0
       0
       0
       0
       0
       0
       0
       0
       0
       0
  -16276
  -44869
   58808
  123628
   17037
   31468
   14449
    8870
    5512
       0
       0
       0
       0
       0
       0
       0
       0
       0
       0
       0
       0
       0
       0
       0
       0
       0
       0
       0
   12116
   35622
   62030
   74545
   18279
    6448
       0
       0
       0
       0
       0
       0
       0
       0
       0
       0
       0
       0
       0
       0
       0
       0
       0
       0
       0
       0
       0
       0
       0
   18873
   28293
   11754
   11544
       0
       0
       0
       0
       0
       0
       0
       0
       0
       0
       0
       0
       0
       0
       0
       0
       0
       0
       0
       0
       0
       0
       0
       0
       0
       0
       0
       0
       0
       0
       0
       0
       0
       0
       0
       0
       0
       0
       0
       0
       0
       0
       0
       0
       0
       0
       0
       0
       0
       0
       0
       0
       0
       0
       0
       0
       0
       0
       0
       0
       0
       0
       0
       0
       0
       0
       0
       0
       0
       0
       0
       0
       0
       0
       0
       0
       0
       0
       0
       0
       0
       0
       0
       0
       0
       0
       0
       0
       0
       0
       0
       0
       0
       0
       0
       0
       0
       0
       0
       0
       0
       0
       0
       0
       0
       0
       0
       0
       0
       0
       0
       0
       0
       0
       0
       0
       0
       0
       0
       0
       0
       0
       0
       0
       0
       0
       0
       0
       0
       0
       0
       0
       0
       0
       0
       0
       0
       0
       0
       0
       0
       0
       0
       0
       0
       0
       0
       0
       0
       0
       0
       0
       0
       0
       0
