      -199
      -133
      -169
        54
       133
       330
       330
       -63
       538
       273
       -36
      -938
     -1146
       422
       421
       -16
       881
      1296
      -991
       -28
        84
       691
       918
      1873
      1644
       -32
       928
      -555
      -155
        -2
      1124
       114
      -784
      -759
      -345
      -737
       -21
      -257
       507
      -188
      -260
      -162
      -109
      -124
      -649
       425
      -235
      -406
        -8
