       -26
       508
       114
      -479
      -416
     -1135
      -258
      -685
      -765
     -1268
      -816
       -83
     -1005
       653
      -661
      -224
      -230
       246
       524
      1126
       672
       449
       593
      -413
      1945
      1595
       926
       577
       289
      -212
      -626
       406
      1405
       454
        96
      -648
      -446
      1006
       939
       224
        35
        20
      -723
      -306
       618
       128
        94
        91
       -73
