        0
        0
        0
        0
        0
        0
        0
        0
        0
        0
        0
        0
        0
        0
        0
        0
        0
        0
        0
        0
        0
     -378
     -127
       39
     -486
     -233
        0
        0
        0
        0
        0
        0
        0
     -505
     -860
     -618
      -14
      637
       35
     -799
        0
        0
        0
        0
        0
     -505
     -759
     -208
      800
     1048
     2896
     2257
     1757
        7
        0
        0
        0
     -681
     -896
     -311
     1399
     2465
     1488
     1862
     1476
     1821
      869
      123
        0
        0
     -127
     -109
     1637
     2690
     3046
     1277
     1269
     1049
     1696
     1426
      544
      569
        0
        0
      434
     1737
     1048
     1609
     -210
     -253
     2132
     1609
     1344
      403
      755
      129
        0
        0
      158
      386
      567
     1794
     2341
     2432
     1705
     1745
     -267
     -111
      561
        0
        0
        0
       26
     -703
     -936
     -327
     1860
     2371
     3167
     1375
     1381
      394
        0
        0
        0
        0
        0
       24
     -311
      190
      843
      782
     1508
     2371
     2029
      120
        0
        0
        0
        0
        0
        0
        0
      626
      635
      -22
     1104
      997
     1113
      336
        0
        0
        0
        0
        0
        0
        0
     -234
     -206
     1596
     1249
     1095
      434
      108
        0
        0
        0
        0
        0
        0
        0
       24
      -45
      570
      426
      284
        0
        0
        0
        0
        0
        0
        0
        0
        0
        0
        0
        0
        0
        0
        0
        0
        0
        0
        0
        0
