       153
       179
       687
       296
      1106
       843
       478
       832
       302
       367
       -93
        94
       899
      -263
      -259
        64
      1310
      1944
      1025
      1328
       139
      -586
      -131
       869
      1650
      1476
       154
       318
      -890
      -644
       711
       524
       694
        67
       161
      -709
     -1303
     -1027
      1161
       131
       -63
       -91
      -276
      -330
      -194
      -329
      -161
       391
       -98
