      -199
      -626
      -823
      -845
      -521
      -402
      -960
      -966
      -871
      -599
      -119
      -502
      -506
      -496
       723
       708
      -537
       -73
       828
       119
       254
       131
      1239
      1169
      -984
     -1699
      -176
       132
      -244
     -1029
     -1292
     -1683
      -478
       372
      -433
      -273
     -1402
     -2466
     -1658
       329
       126
      -342
       -66
      -272
     -1997
     -1841
      -264
       -62
      -241
