        23
      -150
      -509
      -608
       371
        55
      -573
      -284
         1
       162
      -980
       -90
       328
     -1017
      -248
      -448
      -547
     -1289
     -1050
      -787
     -1936
     -1313
     -1097
     -2275
     -1063
      1339
     -1614
      -957
      -897
      -532
      -268
      -676
      -382
     -1353
       170
       -88
      -608
      -652
       654
      -812
      -494
        98
       351
      -124
       371
       259
      -332
       467
       184
