       170
      -218
       138
      -732
      -802
       529
       640
        33
     -1405
      -883
     -1761
        81
      2976
       852
      -954
     -2684
     -2270
      -500
       425
      1696
      1439
     -1833
     -2115
     -1023
       665
      2915
       498
       803
      -243
      -907
     -1548
      -187
       323
       723
         9
       754
       261
      -154
      -448
     -1086
       405
       156
       226
       515
       299
      -624
      -362
      -236
       -47
