        0
        0
        0
        0
        0
        0
        0
        0
        0
        0
        0
        0
        0
        0
        0
        0
        0
        0
        0
        0
        0
      -56
      282
      185
     -190
     -188
        0
        0
        0
        0
        0
        0
        0
       73
      290
      439
     1106
      906
      291
     -111
        0
        0
        0
        0
        0
       73
      241
      742
     1095
      443
      932
      670
      351
     -423
        0
        0
        0
       95
      299
      872
     1400
      996
      881
     2253
     2544
     2797
      949
     -833
        0
        0
      129
      430
     1155
      187
      396
     1567
     2804
     2233
     2921
     3963
     1866
      148
        0
        0
      455
      454
      784
      653
     1015
      472
     2307
     2511
     2698
     2230
      267
       81
        0
        0
     -188
       87
     1349
      549
     1394
     1499
     1764
     2586
     2117
      771
      442
        0
        0
        0
      110
     -213
       -2
     1365
     3619
     2691
     2736
     2094
     2142
      372
        0
        0
        0
        0
        0
       30
     -219
      614
     1292
     1925
     4384
     3389
      815
     -593
        0
        0
        0
        0
        0
        0
        0
      164
      705
      347
     2392
     1290
      827
      154
        0
        0
        0
        0
        0
        0
        0
     -128
        8
      919
     1127
      429
      324
        8
        0
        0
        0
        0
        0
        0
        0
       30
      -91
      265
       95
      248
        0
        0
        0
        0
        0
        0
        0
        0
        0
        0
        0
        0
        0
        0
        0
        0
        0
        0
        0
        0
