        0
        0
        0
        0
        0
        0
        0
        0
        0
        0
        0
        0
        0
        0
        0
        0
        0
        0
        0
        0
        0
      343
     1124
      918
      -61
      -89
        0
        0
        0
        0
        0
        0
        0
      456
     1344
     1911
     2854
     3015
      854
     -358
        0
        0
        0
        0
        0
      456
     1436
     2003
     1632
     1596
     2260
     1983
     -855
     -947
        0
        0
        0
      746
     1575
     2259
     2117
     1617
     2425
      691
     1897
     1655
    -2849
     -371
        0
        0
      113
     1099
     1675
     2713
     2510
     1716
      449
     -330
     2184
     -168
     -910
      720
        0
        0
      237
      520
     1732
     2833
     2592
     1533
     -105
     2519
      103
    -1677
      574
      304
        0
        0
       36
      186
      501
     -635
      113
     1011
     2498
     3344
    -1545
     -314
      893
        0
        0
        0
       -2
       20
      922
     2352
     1633
      441
     1298
      310
     -441
       81
        0
        0
        0
        0
        0
     -176
     -385
      335
      697
     2376
     1900
       79
    -2052
     -679
        0
        0
        0
        0
        0
        0
        0
     -106
      572
      933
    -1636
      324
     -205
      565
        0
        0
        0
        0
        0
        0
        0
       78
      192
      691
     -486
      706
        5
      173
        0
        0
        0
        0
        0
        0
        0
     -176
     -239
       60
     -288
      195
        0
        0
        0
        0
        0
        0
        0
        0
        0
        0
        0
        0
        0
        0
        0
        0
        0
        0
        0
        0
