        66
        55
      -823
     -1163
     -1820
     -1357
      -208
     -1073
     -1137
     -2714
     -2112
     -2966
     -1384
      -144
     -1335
     -1059
     -2577
     -2596
     -1783
      -882
      -168
      -945
     -1129
     -1509
     -3312
     -3222
      -689
      -642
      -269
     -1744
     -1087
     -2783
     -1795
      -551
       -59
      -215
      -875
     -1275
     -2224
      -729
       -78
       -44
      -116
      -353
      -985
     -1418
      -839
      -620
      -167
