        0
        0
        0
        0
        0
        0
        0
        0
        0
        0
        0
        0
        0
        0
        0
        0
        0
        0
        0
        0
        0
      124
      727
     1264
     1154
      355
        0
        0
        0
        0
        0
        0
        0
      197
      731
     1801
     2903
     2975
     3354
     1284
        0
        0
        0
        0
        0
      197
      722
     1999
     2534
     2787
     2524
     1750
     1718
      660
        0
        0
        0
      377
      932
     2305
     2913
     2880
     2240
     1740
      534
     2448
     1286
      887
        0
        0
       73
     1060
     1637
     3036
     2748
     1543
     2078
      703
      643
     2108
     2535
     1575
        0
        0
      190
      589
      805
     1565
     2666
     4219
     3000
     2353
     1622
     1657
     1594
      341
        0
        0
       16
      -10
      313
      259
     1315
     2772
     2986
     3340
     3354
     3058
     1226
        0
        0
        0
      -45
      300
      353
      534
     1533
      390
     1233
     2252
     3068
     1883
        0
        0
        0
        0
        0
      -43
       46
      584
      716
     1511
      243
     2425
     2077
      740
        0
        0
        0
        0
        0
        0
        0
     -110
       -1
      550
      796
     1277
     2093
     1074
        0
        0
        0
        0
        0
        0
        0
      -62
     -492
      133
     1249
     1615
      546
      273
        0
        0
        0
        0
        0
        0
        0
      -43
     -369
     -337
      522
      469
        0
        0
        0
        0
        0
        0
        0
        0
        0
        0
        0
        0
        0
        0
        0
        0
        0
        0
        0
        0
