       0
       0
       0
       0
       0
       0
       0
       0
       0
       0
       0
       0
       0
       0
       0
       0
       0
       0
       0
       0
       0
       0
       0
       0
       0
       0
       0
       0
       0
       0
       0
       0
       0
       0
       0
       0
       0
       0
       0
       0
       0
       0
       0
       0
       0
       0
       0
       0
       0
       0
       0
       0
       0
       0
       0
       0
       0
       0
       0
       0
       0
       0
       0
       0
       0
       0
       0
       0
       0
       0
       0
       0
       0
       0
       0
       0
       0
       0
       0
       0
       0
       0
       0
       0
       0
       0
       0
       0
       0
       0
       0
       0
       0
       0
       0
       0
       0
       0
       0
       0
       0
       0
       0
       0
       0
       0
       0
       0
       0
       0
       0
       0
       0
       0
       0
       0
       0
       0
       0
       0
       0
       0
       0
       0
       0
       0
       0
       0
       0
       0
       0
       0
       0
       0
       0
       0
       0
       0
       0
       0
       0
       0
       0
       0
       0
       0
       0
       0
       0
       0
       0
       0
       0
       0
       0
    1060
   11383
   30643
   42416
   27283
    9180
       0
       0
       0
       0
       0
       0
       0
       0
       0
       0
       0
       0
       0
       0
       0
       0
       0
       0
       0
       0
    2968
   13598
   38549
   83232
  127437
  155959
  126949
   62217
   13284
       0
       0
       0
       0
       0
       0
       0
       0
       0
       0
       0
       0
       0
       0
       0
       0
     424
    4850
   14571
   46148
   90026
  133377
  167703
  199064
  233177
  198116
  102621
   15732
       0
       0
       0
       0
       0
       0
       0
       0
       0
       0
       0
       0
       0
       0
     848
    4400
   15291
   50815
   93420
  134971
  156841
  165690
  195210
  249961
  254987
  203058
  137676
   41670
       0
       0
       0
       0
       0
       0
       0
       0
       0
       0
       0
       0
    1060
    2055
   18975
   55132
   97514
  135813
  160767
  147896
  126314
  169317
  233062
  263261
  220054
  172788
   84546
    2970
       0
       0
       0
       0
       0
       0
       0
       0
       0
       0
     424
    4214
   26658
   60643
  104212
  142550
  165054
  141282
  128384
  127333
  135443
  187331
  214963
  202929
  189086
  116982
   27720
       0
       0
       0
       0
       0
       0
       0
       0
       0
       0
       0
   23772
   63129
  114012
  155867
  162432
  138944
  134575
  125785
  110890
  105066
  143607
  152793
  168073
  185332
  147630
   55440
       0
       0
       0
       0
       0
       0
       0
       0
       0
       0
       0
   15476
   81591
  148169
  170844
  155335
  140786
  122468
  110460
  101036
   69130
   64264
  114437
  149911
  171417
  175952
   92258
    7260
       0
       0
       0
       0
       0
       0
       0
       0
       0
       0
       0
   23600
   82316
  166508
  239617
  235839
  192939
  129409
   65816
   25412
   28258
   88164
  133813
  163725
  188277
  121822
   32340
       0
       0
       0
       0
       0
       0
       0
       0
       0
       0
       0
       0
   -3134
    5052
  105592
  244278
  290455
  254947
  170777
   87270
   33768
   67970
  118794
  159141
  182567
  154380
   61290
       0
       0
       0
       0
       0
       0
       0
       0
       0
       0
       0
       0
       0
  -11060
  -23800
   20790
  100156
  177862
  251911
  259540
  208583
  158217
  148705
  152487
  167502
  179102
  100180
   11550
       0
       0
       0
       0
       0
       0
       0
       0
       0
       0
       0
       0
       0
       0
       0
  -12956
  -21718
   23988
   98362
  175948
  253638
  266383
  207369
  203079
  230683
  155390
   43326
       0
       0
       0
       0
       0
       0
       0
       0
       0
       0
       0
       0
       0
       0
       0
       0
       0
       0
  -12482
  -21646
   22448
  144055
  251044
  290427
  298726
  296111
  163608
   29904
       0
       0
       0
       0
       0
       0
       0
       0
       0
       0
       0
       0
       0
       0
       0
       0
       0
       0
       0
       0
   17580
   83447
  184417
  223370
  217650
  216274
  154129
   51144
       0
       0
       0
       0
       0
       0
       0
       0
       0
       0
       0
       0
       0
       0
       0
       0
       0
       0
       0
   11024
   80930
  127915
  158565
  169160
  113240
   92606
  128266
   75000
       0
       0
       0
       0
       0
       0
       0
       0
       0
       0
       0
       0
       0
       0
       0
       0
       0
       0
       0
    6240
   33506
   92567
  155057
  162714
   62380
    1006
   30202
   17490
       0
       0
       0
       0
       0
       0
       0
       0
       0
       0
       0
       0
       0
       0
       0
       0
       0
       0
       0
   -8216
  -23602
   36348
  134672
  105778
   20460
       0
       0
       0
       0
       0
       0
       0
       0
       0
       0
       0
       0
       0
       0
       0
       0
       0
       0
       0
       0
       0
       0
       0
  -12798
   -6684
   41604
   36630
       0
       0
       0
       0
       0
       0
       0
       0
       0
       0
       0
       0
       0
       0
       0
       0
       0
       0
       0
       0
       0
       0
       0
       0
       0
       0
       0
       0
       0
       0
       0
       0
       0
       0
       0
       0
       0
       0
       0
       0
       0
       0
       0
       0
       0
       0
       0
       0
       0
       0
       0
       0
       0
       0
       0
       0
       0
       0
       0
       0
       0
       0
       0
       0
       0
       0
       0
       0
       0
       0
       0
       0
       0
       0
       0
       0
       0
       0
       0
       0
       0
       0
       0
       0
       0
       0
       0
       0
       0
       0
       0
       0
       0
       0
       0
       0
       0
       0
       0
       0
       0
       0
       0
       0
       0
       0
       0
       0
       0
       0
       0
       0
       0
       0
       0
       0
       0
       0
       0
       0
       0
       0
       0
       0
       0
       0
       0
       0
       0
       0
       0
       0
       0
       0
       0
       0
       0
       0
       0
       0
       0
       0
       0
       0
       0
       0
       0
       0
       0
       0
       0
       0
       0
       0
       0
