        0
        0
        0
        0
        0
        0
        0
        0
        0
        0
        0
        0
        0
        0
        0
        0
        0
        0
        0
        0
        0
      263
      837
      238
      317
       42
        0
        0
        0
        0
        0
        0
        0
      413
     1132
     1583
     1703
       -8
      -91
      287
        0
        0
        0
        0
        0
      413
     1261
     1756
      749
     -609
     -425
    -3239
    -1641
       17
        0
        0
        0
      695
     1400
     1820
      998
      123
    -1231
     -224
     -786
    -2705
     -308
     -628
        0
        0
      150
     1710
      530
      456
    -1300
     -229
      714
      609
    -1223
      529
     1125
     -398
        0
        0
      384
     1301
    -1548
     -944
      355
     1784
     3638
    -1128
     -804
     1022
     -285
      202
        0
        0
       45
      606
     -994
      198
     -571
     1143
     1232
     -805
     1606
      925
      198
        0
        0
        0
      166
      452
      369
     1420
     1928
    -1116
     -346
    -1178
      162
      160
        0
        0
        0
        0
        0
      220
      397
     1537
     1473
     -775
      477
      134
       21
     -142
        0
        0
        0
        0
        0
        0
        0
      878
      621
     -305
     1112
      993
     1390
     -206
        0
        0
        0
        0
        0
        0
        0
      219
     1106
     1643
     1536
      170
      717
       74
        0
        0
        0
        0
        0
        0
        0
      220
      481
      522
      709
      421
        0
        0
        0
        0
        0
        0
        0
        0
        0
        0
        0
        0
        0
        0
        0
        0
        0
        0
        0
        0
