      -475
      -993
      -791
      -522
     -1043
      -430
      -347
     -1181
     -1111
      -495
      -988
      -553
      -882
      -866
       -60
     -1025
       -28
      -797
       -56
     -1242
     -1374
      -130
      -482
       -46
      2335
       698
     -1135
     -1187
     -1585
      -720
      -713
      -342
      -995
     -2298
     -1112
     -1329
     -1706
      -494
      -571
     -1030
     -1356
      -905
      -501
     -1130
     -1024
      -802
     -1338
      -975
      -574
