       349
       288
       310
       137
      1074
      1303
       908
       379
       212
       845
       794
       487
       743
       818
      1299
       554
       564
       982
       427
       839
       936
      1461
       697
       696
        64
         3
      1571
       508
      2648
       399
      -161
      -602
       452
       676
       472
      1741
      1583
       326
       770
       702
       730
       342
       -38
       557
       265
       149
       348
       111
       128
