       -44
         6
       260
       448
      1209
       394
       407
       210
       213
       401
     -1182
     -1803
      -277
       162
       720
       -67
      -292
       457
       161
      1102
      -140
       920
      -653
     -1425
      -102
       -32
       542
        22
      1060
      1443
      -531
     -1480
       463
       547
       -36
       295
       918
      -419
       819
       736
      -161
       -26
      -291
        71
      -640
      -340
        41
        32
       -40
