       329
      -577
     -1223
      -891
        82
       810
       212
      -769
     -1103
       199
      1067
      1552
      2038
       225
      -132
      -442
      -285
      1127
      2184
       374
      -261
       661
     -1056
     -1263
       956
      1826
      -109
      -461
       715
     -1953
      -482
      1856
       -97
       582
      -267
       469
       -77
       362
     -1038
     -1128
      -259
      -132
       325
       613
       -66
      -320
       713
       487
        53
