        0
        0
        0
        0
        0
        0
        0
        0
        0
        0
        0
        0
        0
        0
        0
        0
        0
        0
        0
        0
        0
      -18
      133
     -209
     -533
      -79
        0
        0
        0
        0
        0
        0
        0
      -84
      -32
     -465
     -611
     -174
     -232
      370
        0
        0
        0
        0
        0
      -84
       10
     -394
    -1024
    -1316
     -488
      200
     1849
     1559
        0
        0
        0
     -157
       -8
     -639
     -687
    -1390
     -267
      817
     -190
      390
     2651
     1682
        0
        0
      -66
     -421
     -984
    -1297
      501
     -188
     -746
     -479
      586
      898
     1287
      646
        0
        0
      142
     -216
     -567
     -214
     -950
     -831
      654
     -764
     -147
     1552
     1196
      130
        0
        0
      216
     -270
    -1826
     -637
     -313
       60
      641
     -707
     -459
      626
      282
        0
        0
        0
     -371
     -709
     -891
    -1847
      778
     1085
      681
     -129
     1666
     1354
        0
        0
        0
        0
        0
     -179
     -228
     -957
    -1270
     -232
      475
     1272
     1760
      747
        0
        0
        0
        0
        0
        0
        0
      727
    -1009
    -1890
     -336
      296
      -14
      299
        0
        0
        0
        0
        0
        0
        0
     -589
     -994
    -1490
     -781
      297
     -216
        1
        0
        0
        0
        0
        0
        0
        0
     -179
      334
     -603
     -857
      -26
        0
        0
        0
        0
        0
        0
        0
        0
        0
        0
        0
        0
        0
        0
        0
        0
        0
        0
        0
        0
