        41
      -208
      -131
        64
       703
       214
       385
      -288
       188
       481
       165
       -84
       137
      -214
       -33
       267
     -1227
       387
      1468
        83
      -194
        64
      -139
      -869
      -195
      1116
      -245
        62
       -65
     -1075
      -503
       716
       717
       309
      -131
       -37
      -294
       238
       246
       865
      -220
       -76
       -85
       358
       236
      -412
       342
      -134
      -235
