       135
       662
       269
       452
       316
      -730
       601
       449
        81
      -874
      -765
       449
       832
      1242
      1107
       716
      -640
     -1204
       173
      2250
       600
       393
      1064
      1239
      -539
       247
      1557
      -129
        74
      1386
       626
       228
       793
       616
       109
       363
      -763
       451
       524
       933
       731
       244
       446
       579
       634
       448
       311
       276
       155
