        0
        0
        0
        0
        0
        0
        0
        0
        0
        0
        0
        0
        0
        0
        0
        0
        0
        0
        0
        0
        0
       78
      -53
     -421
     -234
      -72
        0
        0
        0
        0
        0
        0
        0
       23
     -227
     -900
    -1359
    -1776
    -1099
     -474
        0
        0
        0
        0
        0
       23
     -326
    -1121
    -1189
     -715
     -597
    -1967
    -1789
    -1260
        0
        0
        0
       50
     -458
    -1303
    -1358
    -1405
    -1376
    -1062
    -2277
    -2306
    -2292
    -1192
        0
        0
      -55
      -18
     -727
    -1478
    -1557
    -2388
    -1331
    -2452
    -2178
    -1662
     -368
      782
        0
        0
      -77
      -81
     -342
     -569
    -1323
    -2281
    -2469
     -613
     -536
    -1932
      288
      392
        0
        0
      -98
     -596
      450
     -162
    -1245
      -43
      160
      160
    -1649
      168
     1113
        0
        0
        0
       49
     -283
     -450
      -44
     -615
    -1969
    -1376
    -3087
    -1367
      367
        0
        0
        0
        0
        0
      -53
      -40
     -379
      200
     -765
    -1762
    -2769
     -156
     -458
        0
        0
        0
        0
        0
        0
        0
     -410
     -185
     -791
    -2034
      -13
     1712
      817
        0
        0
        0
        0
        0
        0
        0
      -25
     -718
      383
     1323
     1071
      784
      405
        0
        0
        0
        0
        0
        0
        0
      -53
     -365
      382
     1038
      795
        0
        0
        0
        0
        0
        0
        0
        0
        0
        0
        0
        0
        0
        0
        0
        0
        0
        0
        0
        0
