       567
       316
        89
      -374
      -621
       535
       -36
       -61
      -540
     -1142
     -1365
     -1981
     -1586
      -351
       343
     -1304
     -1107
      -453
      1549
      -620
      -165
        44
      -193
      1778
      1270
      1179
      -751
      -383
       915
        36
      2353
      1366
       -56
      -779
      -396
      1333
      2140
      2668
      2936
        76
      -766
        17
       187
       174
        89
       228
      -414
      -613
      -101
