       0
       0
       0
       0
       0
       0
       0
       0
       0
       0
       0
       0
       0
       0
       0
       0
       0
       0
       0
       0
       0
       0
       0
       0
       0
       0
       0
       0
       0
       0
       0
       0
       0
       0
       0
       0
       0
       0
       0
       0
       0
       0
       0
       0
       0
       0
       0
       0
       0
       0
       0
       0
       0
       0
       0
       0
       0
       0
       0
       0
       0
       0
       0
       0
       0
       0
       0
       0
       0
       0
       0
       0
       0
       0
       0
       0
       0
       0
       0
       0
       0
       0
       0
       0
       0
       0
       0
       0
       0
       0
       0
       0
       0
       0
       0
       0
       0
       0
       0
       0
       0
       0
       0
       0
       0
       0
       0
       0
       0
       0
       0
       0
       0
       0
       0
       0
       0
       0
       0
       0
       0
       0
       0
       0
       0
       0
       0
       0
       0
       0
       0
       0
       0
       0
       0
       0
       0
       0
       0
       0
       0
       0
       0
       0
       0
       0
       0
       0
       0
       0
       0
       0
       0
       0
       0
    -835
   -9058
  -24652
  -31436
  -15739
    -765
       0
       0
       0
       0
       0
       0
       0
       0
       0
       0
       0
       0
       0
       0
       0
       0
       0
       0
       0
       0
   -2338
  -10967
  -30144
  -63355
  -94355
  -99257
  -61529
   -5885
   -1107
       0
       0
       0
       0
       0
       0
       0
       0
       0
       0
       0
       0
       0
       0
       0
       0
    -334
   -3857
  -11709
  -35385
  -69928
  -95264
 -122647
 -133905
 -101906
  -25223
   39947
   25872
       0
       0
       0
       0
       0
       0
       0
       0
       0
       0
       0
       0
       0
       0
    -668
   -3539
  -12016
  -39441
  -72292
  -95585
 -115743
 -103425
 -114399
 -117603
  -73938
   24611
   87132
   17274
       0
       0
       0
       0
       0
       0
       0
       0
       0
       0
       0
       0
    -835
   -1710
  -14588
  -44424
  -73260
  -99383
 -114585
  -93527
  -55320
  -43457
  -87169
 -106021
  -19687
   87366
   46257
    1125
       0
       0
       0
       0
       0
       0
       0
       0
       0
       0
    -334
   -3356
  -21088
  -48496
  -75924
 -108081
 -110650
  -93011
  -49419
   -7604
   12376
  -48830
 -148361
  -76143
   56892
   72745
   10500
       0
       0
       0
       0
       0
       0
       0
       0
       0
       0
       0
  -18691
  -51545
  -84879
 -111146
 -111064
  -89988
  -43540
   -1979
   30952
   30763
  -21030
 -148024
 -137875
    4231
   90758
   24642
       0
       0
       0
       0
       0
       0
       0
       0
       0
       0
       0
  -12191
  -64331
 -124226
 -122490
  -90086
  -38137
    7109
   29299
   39409
   27951
  -19075
 -112133
 -174383
  -47375
   83244
   51967
    2750
       0
       0
       0
       0
       0
       0
       0
       0
       0
       0
       0
  -17311
 -102897
 -156397
 -113333
  -64520
   -2025
   30132
   23254
   10300
  -11481
  -76514
 -183446
 -103289
   47563
   76589
   12250
       0
       0
       0
       0
       0
       0
       0
       0
       0
       0
       0
       0
  -20866
  -75779
  -76797
  -50721
  -50317
  -45380
  -38663
  -30314
  -13776
  -47960
 -152526
 -148452
   -6806
   92516
   29010
       0
       0
       0
       0
       0
       0
       0
       0
       0
       0
       0
       0
       0
  -14840
  -38430
  -33354
  -35504
  -34604
  -30989
  -55569
  -63868
  -57025
 -111805
 -179401
  -57987
   79379
   57591
    4375
       0
       0
       0
       0
       0
       0
       0
       0
       0
       0
       0
       0
       0
       0
       0
  -17384
  -36750
  -31884
  -35138
  -34862
  -33643
  -63614
 -133701
 -122736
    1514
   68119
   13317
       0
       0
       0
       0
       0
       0
       0
       0
       0
       0
       0
       0
       0
       0
       0
       0
       0
       0
  -16748
  -36375
  -32456
  -71917
 -114597
 -103927
  -78324
  -18477
   16426
   11210
       0
       0
       0
       0
       0
       0
       0
       0
       0
       0
       0
       0
       0
       0
       0
       0
       0
       0
       0
       0
  -39402
 -122950
 -160761
  -57643
   -6292
    3437
   39059
   51161
       0
       0
       0
       0
       0
       0
       0
       0
       0
       0
       0
       0
       0
       0
       0
       0
       0
       0
       0
   -8684
  -62600
 -176224
 -122012
    7683
   33729
   -9642
   55731
   37183
       0
       0
       0
       0
       0
       0
       0
       0
       0
       0
       0
       0
       0
       0
       0
       0
       0
       0
       0
   -4004
  -71470
 -126692
  -17313
   91541
   23242
   -5146
   13361
    6625
       0
       0
       0
       0
       0
       0
       0
       0
       0
       0
       0
       0
       0
       0
       0
       0
       0
       0
       0
  -11024
  -55773
  -47692
   39137
   60690
    7750
       0
       0
       0
       0
       0
       0
       0
       0
       0
       0
       0
       0
       0
       0
       0
       0
       0
       0
       0
       0
       0
       0
       0
  -17172
  -16485
   19782
   13875
       0
       0
       0
       0
       0
       0
       0
       0
       0
       0
       0
       0
       0
       0
       0
       0
       0
       0
       0
       0
       0
       0
       0
       0
       0
       0
       0
       0
       0
       0
       0
       0
       0
       0
       0
       0
       0
       0
       0
       0
       0
       0
       0
       0
       0
       0
       0
       0
       0
       0
       0
       0
       0
       0
       0
       0
       0
       0
       0
       0
       0
       0
       0
       0
       0
       0
       0
       0
       0
       0
       0
       0
       0
       0
       0
       0
       0
       0
       0
       0
       0
       0
       0
       0
       0
       0
       0
       0
       0
       0
       0
       0
       0
       0
       0
       0
       0
       0
       0
       0
       0
       0
       0
       0
       0
       0
       0
       0
       0
       0
       0
       0
       0
       0
       0
       0
       0
       0
       0
       0
       0
       0
       0
       0
       0
       0
       0
       0
       0
       0
       0
       0
       0
       0
       0
       0
       0
       0
       0
       0
       0
       0
       0
       0
       0
       0
       0
       0
       0
       0
       0
       0
       0
       0
       0
