        0
        0
        0
        0
        0
        0
        0
        0
        0
        0
        0
        0
        0
        0
        0
        0
        0
        0
        0
        0
        0
      324
      433
      234
       70
       15
        0
        0
        0
        0
        0
        0
        0
      430
      782
     1094
     2379
     1726
      353
      535
        0
        0
        0
        0
        0
      430
      831
     1308
     1104
     1487
     1800
     2348
      773
      955
        0
        0
        0
      583
     1071
     1246
     1500
     1564
     1946
     1743
     3089
     1673
     1393
     1459
        0
        0
      106
     1154
      919
     1446
     2058
     3213
     1764
     3118
     4254
     2956
     2910
     1523
        0
        0
      199
     1081
     1501
     2247
     3072
     3742
     4283
     4915
     2711
     1941
     2072
      452
        0
        0
      216
     1014
      723
     2992
     4037
     4542
     4872
     4264
     2658
     2876
     1463
        0
        0
        0
      121
     1018
     1865
     2270
     2439
     3068
     5133
     4159
     1846
     1904
        0
        0
        0
        0
        0
       31
      411
     1699
     2531
     3878
     4163
     2429
     2757
      929
        0
        0
        0
        0
        0
        0
        0
      553
     1675
     2347
     1988
     3390
     2163
     1054
        0
        0
        0
        0
        0
        0
        0
      559
     1804
     2380
     1726
     1771
      834
      308
        0
        0
        0
        0
        0
        0
        0
       31
      685
      406
      707
      772
        0
        0
        0
        0
        0
        0
        0
        0
        0
        0
        0
        0
        0
        0
        0
        0
        0
        0
        0
        0
