        22
       -41
      -693
      -310
       748
       270
       532
      -712
        38
      -167
     -1198
     -1210
     -1408
      -261
      -423
      -679
     -1171
      -257
      -801
      -692
       -22
      -336
       845
       650
       574
       690
        44
       541
       564
       347
      2057
      1488
       713
       133
        25
      -278
      -787
      1429
      1288
       521
       443
        15
      -179
      -266
      -224
      -561
       210
       136
       143
