        0
        0
        0
        0
        0
        0
        0
        0
        0
        0
        0
        0
        0
        0
        0
        0
        0
        0
        0
        0
        0
      -71
     -528
     -648
     -218
      -81
        0
        0
        0
        0
        0
        0
        0
      -63
     -723
    -1287
    -2018
    -2921
     -528
        4
        0
        0
        0
        0
        0
      -63
     -741
    -1461
    -1907
    -1050
     -137
    -1559
     -360
      147
        0
        0
        0
     -158
     -948
    -1758
    -1833
    -1411
     -215
     -264
    -1021
     -519
    -1328
     -808
        0
        0
        8
      -87
    -1558
    -1650
      -60
       10
      -92
    -2516
    -2160
      143
     -163
       44
        0
        0
     -189
     1226
      804
      -26
     -348
     -840
     -899
    -1726
      239
     -343
     -283
      -46
        0
        0
      455
     1803
     2072
      482
      497
      374
     -527
    -1429
     -134
     -413
      258
        0
        0
        0
       70
      645
     1439
     2809
     1785
    -1694
     -512
    -1248
     -450
      226
        0
        0
        0
        0
        0
        9
       51
      969
     1315
     -695
     1013
     -170
    -1601
     -824
        0
        0
        0
        0
        0
        0
        0
     1151
     1972
      339
      329
      164
      202
       35
        0
        0
        0
        0
        0
        0
        0
      400
     1061
     1782
      169
      171
       92
      -29
        0
        0
        0
        0
        0
        0
        0
        9
      255
      545
      402
        7
        0
        0
        0
        0
        0
        0
        0
        0
        0
        0
        0
        0
        0
        0
        0
        0
        0
        0
        0
        0
