       0
       0
       0
       0
       0
       0
       0
       0
       0
       0
       0
       0
       0
       0
       0
       0
       0
       0
       0
       0
       0
       0
       0
       0
       0
       0
       0
       0
       0
       0
       0
       0
       0
       0
       0
       0
       0
       0
       0
       0
       0
       0
       0
       0
       0
       0
       0
       0
       0
       0
       0
       0
       0
       0
       0
       0
       0
       0
       0
       0
       0
       0
       0
       0
       0
       0
       0
       0
       0
       0
       0
       0
       0
       0
       0
       0
       0
       0
       0
       0
       0
       0
       0
       0
       0
       0
       0
       0
       0
       0
       0
       0
       0
       0
       0
       0
       0
       0
       0
       0
       0
       0
       0
       0
       0
       0
       0
       0
       0
       0
       0
       0
       0
       0
       0
       0
       0
       0
       0
       0
       0
       0
       0
       0
       0
       0
       0
       0
       0
       0
       0
       0
       0
       0
       0
       0
       0
       0
       0
       0
       0
       0
       0
       0
       0
       0
       0
       0
       0
       0
       0
       0
       0
       0
       0
     360
    5053
   23102
   47601
   49829
   21165
       0
       0
       0
       0
       0
       0
       0
       0
       0
       0
       0
       0
       0
       0
       0
       0
       0
       0
       0
       0
    1008
    7942
   26899
   54231
   78328
   90565
  105262
   88005
   30627
       0
       0
       0
       0
       0
       0
       0
       0
       0
       0
       0
       0
       0
       0
       0
       0
     144
    2122
   10359
   27961
   59236
   76773
   49433
   10590
  -15911
  -20970
  -25819
  -16578
       0
       0
       0
       0
       0
       0
       0
       0
       0
       0
       0
       0
       0
       0
     288
    2444
    9569
   27372
   62601
   71680
   32534
  -22745
  -62542
  -57366
  -48663
  -49975
  -38181
  -10356
       0
       0
       0
       0
       0
       0
       0
       0
       0
       0
       0
       0
     360
    1885
    7674
   32991
   70050
   68770
   27261
  -29044
  -83907
 -109616
  -80376
  -54084
  -56584
  -51060
  -29328
    -657
       0
       0
       0
       0
       0
       0
       0
       0
       0
       0
     144
    1906
   12478
   46251
   75462
   65813
   24856
  -31169
  -89044
 -109616
  -71015
  -35219
  -21125
  -31536
  -52479
  -40137
   -6132
       0
       0
       0
       0
       0
       0
       0
       0
       0
       0
       0
    7564
   42479
   71943
   63003
   22193
  -40459
  -99517
 -107190
  -76582
  -42929
  -19756
    -747
  -15168
  -49516
  -41876
  -15046
       0
       0
       0
       0
       0
       0
       0
       0
       0
       0
       0
    5256
   16819
   39910
   24444
  -41443
  -98931
 -104774
  -75878
  -43003
  -21183
    -228
    3542
  -13144
  -42934
  -52947
  -32809
   -1606
       0
       0
       0
       0
       0
       0
       0
       0
       0
       0
       0
  -10582
  -43908
  -53817
  -27625
   19142
   41470
   21478
   -3789
   -5753
    4449
    9652
    4657
  -16208
  -48452
  -39309
   -7154
       0
       0
       0
       0
       0
       0
       0
       0
       0
       0
       0
       0
  -16878
  -75740
 -144899
 -157641
  -81038
   25884
  104901
  113760
   63406
   15370
    4266
  -16167
  -51534
  -45253
  -17984
       0
       0
       0
       0
       0
       0
       0
       0
       0
       0
       0
       0
       0
   -1820
   -7560
  -35588
  -99656
 -157345
 -152891
  -72439
   34915
  109188
   86994
   10056
  -39177
  -54550
  -36210
   -2555
       0
       0
       0
       0
       0
       0
       0
       0
       0
       0
       0
       0
       0
       0
       0
   -2132
   -7842
  -35732
  -97853
 -156238
 -152579
  -79524
  -25131
  -13355
    4665
   18556
    7335
       0
       0
       0
       0
       0
       0
       0
       0
       0
       0
       0
       0
       0
       0
       0
       0
       0
       0
   -2054
   -7674
  -34709
  -83761
  -82624
  -52563
  -40371
    9433
   63136
   42306
       0
       0
       0
       0
       0
       0
       0
       0
       0
       0
       0
       0
       0
       0
       0
       0
       0
       0
       0
       0
    7818
    6723
  -13821
  -66802
 -141200
 -160251
  -87265
  -23153
       0
       0
       0
       0
       0
       0
       0
       0
       0
       0
       0
       0
       0
       0
       0
       0
       0
       0
       0
    3744
    4448
    5273
  -11526
  -48558
  -62167
  -62878
  -52207
  -23293
       0
       0
       0
       0
       0
       0
       0
       0
       0
       0
       0
       0
       0
       0
       0
       0
       0
       0
       0
  -11128
  -68680
 -120699
 -101326
  -55459
  -25906
   -3478
   -6700
   -3869
       0
       0
       0
       0
       0
       0
       0
       0
       0
       0
       0
       0
       0
       0
       0
       0
       0
       0
       0
   -1352
  -25524
  -67264
  -75124
  -37458
   -4526
       0
       0
       0
       0
       0
       0
       0
       0
       0
       0
       0
       0
       0
       0
       0
       0
       0
       0
       0
       0
       0
       0
       0
   -2106
   -5316
   -9243
   -8103
       0
       0
       0
       0
       0
       0
       0
       0
       0
       0
       0
       0
       0
       0
       0
       0
       0
       0
       0
       0
       0
       0
       0
       0
       0
       0
       0
       0
       0
       0
       0
       0
       0
       0
       0
       0
       0
       0
       0
       0
       0
       0
       0
       0
       0
       0
       0
       0
       0
       0
       0
       0
       0
       0
       0
       0
       0
       0
       0
       0
       0
       0
       0
       0
       0
       0
       0
       0
       0
       0
       0
       0
       0
       0
       0
       0
       0
       0
       0
       0
       0
       0
       0
       0
       0
       0
       0
       0
       0
       0
       0
       0
       0
       0
       0
       0
       0
       0
       0
       0
       0
       0
       0
       0
       0
       0
       0
       0
       0
       0
       0
       0
       0
       0
       0
       0
       0
       0
       0
       0
       0
       0
       0
       0
       0
       0
       0
       0
       0
       0
       0
       0
       0
       0
       0
       0
       0
       0
       0
       0
       0
       0
       0
       0
       0
       0
       0
       0
       0
       0
       0
       0
       0
       0
       0
