       0
       0
       0
       0
       0
       0
       0
       0
       0
       0
       0
       0
       0
       0
       0
       0
       0
       0
       0
       0
       0
       0
       0
       0
       0
       0
       0
       0
       0
       0
       0
       0
       0
       0
       0
       0
       0
       0
       0
       0
       0
       0
       0
       0
       0
       0
       0
       0
       0
       0
       0
       0
       0
       0
       0
       0
       0
       0
       0
       0
       0
       0
       0
       0
       0
       0
       0
       0
       0
       0
       0
       0
       0
       0
       0
       0
       0
       0
       0
       0
       0
       0
       0
       0
       0
       0
       0
       0
       0
       0
       0
       0
       0
       0
       0
       0
       0
       0
       0
       0
       0
       0
       0
       0
       0
       0
       0
       0
       0
       0
       0
       0
       0
       0
       0
       0
       0
       0
       0
       0
       0
       0
       0
       0
       0
       0
       0
       0
       0
       0
       0
       0
       0
       0
       0
       0
       0
       0
       0
       0
       0
       0
       0
       0
       0
       0
       0
       0
       0
       0
       0
       0
       0
       0
       0
    -325
   -2200
    3578
   15004
   19913
    2805
       0
       0
       0
       0
       0
       0
       0
       0
       0
       0
       0
       0
       0
       0
       0
       0
       0
       0
       0
       0
    -910
    -557
    2069
    6897
   10435
   -7519
    -710
    6466
    4059
       0
       0
       0
       0
       0
       0
       0
       0
       0
       0
       0
       0
       0
       0
       0
       0
    -130
    -971
    1083
    -925
   10427
    4544
  -38072
  -83884
  -88979
  -46342
  -73114
  -37587
       0
       0
       0
       0
       0
       0
       0
       0
       0
       0
       0
       0
       0
       0
    -260
    -317
    -116
   -2016
   11465
   -1366
  -40605
 -102831
 -140447
  -93198
  -50075
   -9085
   41166
   36588
       0
       0
       0
       0
       0
       0
       0
       0
       0
       0
       0
       0
    -325
     660
   -4354
    2579
   11960
   -2646
  -43527
 -107284
 -124719
 -100293
  -40609
  -21403
  -31207
   34341
   47175
    2880
       0
       0
       0
       0
       0
       0
       0
       0
       0
       0
    -130
    -776
   -3593
    8464
   12578
   -2319
  -53032
 -112028
 -122603
  -75074
  -17384
   31878
   -8884
  -42623
    9258
   51778
   26880
       0
       0
       0
       0
       0
       0
       0
       0
       0
       0
       0
   -7367
    8167
    9393
   -7058
  -67730
 -118323
 -119159
  -71258
   -7368
   60340
   44368
  -33005
  -81528
  -38131
   42612
   44424
       0
       0
       0
       0
       0
       0
       0
       0
       0
       0
       0
   -4745
  -11168
   -9955
  -74699
 -113139
 -117021
  -67956
    5087
   67941
   57527
   13935
  -25835
  -87778
  -76575
   30658
   49922
    7040
       0
       0
       0
       0
       0
       0
       0
       0
       0
       0
       0
  -10098
  -67422
 -102893
 -103727
  -31811
   54219
   85011
   56339
   26923
    3236
  -18008
  -82583
  -78992
     772
   51325
   31360
       0
       0
       0
       0
       0
       0
       0
       0
       0
       0
       0
       0
  -24957
  -85846
  -87081
  -54199
  -27226
  -20146
    3713
   29425
   16128
  -17054
  -57552
  -91905
  -50289
   38365
   44580
       0
       0
       0
       0
       0
       0
       0
       0
       0
       0
       0
       0
       0
  -18830
  -40880
   -5597
   19156
  -11414
  -37578
  -61058
  -71126
  -27281
  -25741
  -83809
  -78924
   27449
   53297
   11200
       0
       0
       0
       0
       0
       0
       0
       0
       0
       0
       0
       0
       0
       0
       0
  -22058
  -37397
   -2198
   19177
  -10349
  -38228
  -64153
 -154366
 -115743
   18722
   67912
   37566
       0
       0
       0
       0
       0
       0
       0
       0
       0
       0
       0
       0
       0
       0
       0
       0
       0
       0
  -21251
  -37259
   -3664
    4269
    5763
  -43988
  -41988
   33548
   31441
  -12232
       0
       0
       0
       0
       0
       0
       0
       0
       0
       0
       0
       0
       0
       0
       0
       0
       0
       0
       0
       0
  -29555
  -47132
  -27464
  -41568
  -68200
  -29331
  -39851
  -42475
       0
       0
       0
       0
       0
       0
       0
       0
       0
       0
       0
       0
       0
       0
       0
       0
       0
       0
       0
   -3380
  -17164
  -76236
  -87950
  -43560
   -1471
   51635
   93121
   50236
       0
       0
       0
       0
       0
       0
       0
       0
       0
       0
       0
       0
       0
       0
       0
       0
       0
       0
       0
   -3952
  -75088
 -128257
  -75172
   35761
   26074
    1353
   34219
   16960
       0
       0
       0
       0
       0
       0
       0
       0
       0
       0
       0
       0
       0
       0
       0
       0
       0
       0
       0
  -13988
  -63155
  -23857
   68978
   61238
   19840
       0
       0
       0
       0
       0
       0
       0
       0
       0
       0
       0
       0
       0
       0
       0
       0
       0
       0
       0
       0
       0
       0
       0
  -21789
  -11796
   50673
   35520
       0
       0
       0
       0
       0
       0
       0
       0
       0
       0
       0
       0
       0
       0
       0
       0
       0
       0
       0
       0
       0
       0
       0
       0
       0
       0
       0
       0
       0
       0
       0
       0
       0
       0
       0
       0
       0
       0
       0
       0
       0
       0
       0
       0
       0
       0
       0
       0
       0
       0
       0
       0
       0
       0
       0
       0
       0
       0
       0
       0
       0
       0
       0
       0
       0
       0
       0
       0
       0
       0
       0
       0
       0
       0
       0
       0
       0
       0
       0
       0
       0
       0
       0
       0
       0
       0
       0
       0
       0
       0
       0
       0
       0
       0
       0
       0
       0
       0
       0
       0
       0
       0
       0
       0
       0
       0
       0
       0
       0
       0
       0
       0
       0
       0
       0
       0
       0
       0
       0
       0
       0
       0
       0
       0
       0
       0
       0
       0
       0
       0
       0
       0
       0
       0
       0
       0
       0
       0
       0
       0
       0
       0
       0
       0
       0
       0
       0
       0
       0
       0
       0
       0
       0
       0
       0
