      -357
      -489
       -15
       665
       467
      -215
      -221
      -256
      1032
      -701
     -2210
     -2841
     -2520
      -808
     -1401
     -2071
     -3438
     -1717
     -1713
     -1072
       492
     -2257
     -2676
     -3208
     -3100
     -2676
     -2078
        14
      -115
     -2005
     -3351
     -2542
     -1623
      -844
       140
      -372
      -458
     -1291
     -2061
     -1541
      -245
      -344
      -153
         2
      -670
     -1026
     -1023
       258
       -62
