       -35
        84
      -176
      -365
        13
      -978
       560
      -233
      -108
      -815
       -38
     -1278
      -658
      1087
      -394
      1128
      -211
      -172
      -358
        86
      1301
       449
      -345
       766
      -675
       129
       445
       -29
     -1393
      -347
       963
      -406
        84
       -37
        12
      -836
      -141
      1078
       776
      -329
      -427
       512
       -10
      -325
       142
      1562
        92
        46
       346
