      -497
      -113
       299
       899
       111
       413
       127
       309
       629
      1061
       789
       189
      -995
       587
     -1049
      -248
       780
       825
      -142
      -678
       355
      -610
      -487
       734
       565
     -1573
      -456
        90
       411
      1700
       555
       152
      -540
       928
       229
        36
      -108
      -819
      -553
      -268
       332
       165
       360
       400
       691
      1103
       217
       441
       137
