      -241
        36
       592
       833
      -403
      -159
      -390
       429
       884
       216
       528
       832
      -559
       653
       558
       140
       888
      1023
      1346
      1712
       674
       586
       645
      1096
     -1454
     -1151
       706
       -60
      1858
      1331
      -137
      -472
       271
       527
       150
      1773
      1410
      -330
        54
       742
       130
       -10
       219
       988
       508
       110
      -362
      -204
       -69
