      -231
      -902
      -616
      -913
     -1035
      -446
        50
      -622
      -929
      -693
       968
       439
       558
       815
       339
        27
      1110
      1798
      1177
       380
      -240
       932
       465
      1061
       419
     -1869
     -1227
       -64
      -916
      -754
      -764
     -1661
      -856
      -233
      -156
      -349
     -1095
     -1635
     -2442
     -1427
      -786
       -99
       -35
      -298
     -1179
     -1512
      -462
        98
      -207
