      -321
      -684
      -839
      -872
      -328
       270
      -173
     -1062
      -421
      1246
      1594
       143
      1504
      -361
       649
       726
       579
       954
       732
       493
      -160
       657
      -942
     -1075
      -136
      1048
      -741
      -131
       252
       760
       647
       172
      -474
      -616
      -319
      -365
       727
         6
      -182
      -790
       102
       -44
       -17
       372
       858
       240
      -342
       -19
        16
