        0
        0
        0
        0
        0
        0
        0
        0
        0
        0
        0
        0
        0
        0
        0
        0
        0
        0
        0
        0
        0
       29
     -209
     -253
     -102
      202
        0
        0
        0
        0
        0
        0
        0
     -125
     -348
     -208
      249
      468
      535
      708
        0
        0
        0
        0
        0
     -125
     -279
     -102
      853
     2033
     3089
     1863
       51
       16
        0
        0
        0
     -315
     -345
      113
      974
     2007
     1985
     1973
     3276
     2365
      480
     1010
        0
        0
     -154
      136
      689
     2024
     2467
     1769
      475
     2251
     3344
      510
     1413
      991
        0
        0
        8
     1586
     2166
     2370
      751
     1647
     3169
     4769
     1318
      617
     1625
      259
        0
        0
      235
      856
      469
     2078
     2077
     3514
     4694
     2816
      -38
     2279
      673
        0
        0
        0
      117
      -40
     -326
      255
     1279
     3030
     3750
      802
     1750
      868
        0
        0
        0
        0
        0
      134
       68
        8
     1342
     3134
     2134
      750
      965
      542
        0
        0
        0
        0
        0
        0
        0
      745
      987
     1136
      640
     1312
     1247
      620
        0
        0
        0
        0
        0
        0
        0
       78
       76
     -638
      684
     1453
      420
      201
        0
        0
        0
        0
        0
        0
        0
      134
       29
      -92
      309
      218
        0
        0
        0
        0
        0
        0
        0
        0
        0
        0
        0
        0
        0
        0
        0
        0
        0
        0
        0
        0
