       -12
       -14
      -562
      -945
      -479
      -454
      -359
      -553
     -1209
      -707
      -321
       659
      -847
      -585
      -803
      -195
      -672
      -188
       396
       155
       108
       709
       227
       756
      1940
       275
       443
       164
       864
     -1124
      -836
      2343
      1248
       800
      -353
       239
      -247
     -2116
     -1009
       691
       -19
      -189
      -181
       374
        46
        24
      -440
      -237
      -128
