      -390
       -47
      -206
      -470
     -1258
     -1053
      -984
      -309
       470
     -1166
      -853
       461
       482
       129
     -1609
       272
      1093
      1282
        33
      -396
       -44
      -687
      -258
       596
       713
      -932
      -962
       505
     -1173
     -1054
       962
       477
       202
       425
       213
     -1239
      -386
     -1483
     -2572
      -633
       284
       -32
      -175
      -246
      -631
      -842
        71
      -211
      -149
