        0
        0
        0
        0
        0
        0
        0
        0
        0
        0
        0
        0
        0
        0
        0
        0
        0
        0
        0
        0
        0
      335
      847
      478
      256
       67
        0
        0
        0
        0
        0
        0
        0
      390
      988
     1818
     3333
     3104
     1606
      455
        0
        0
        0
        0
        0
      390
      984
     1945
     2771
     3723
     3383
     3055
      986
       -7
        0
        0
        0
      635
     1165
     2158
     2992
     2912
     2103
      465
    -1154
     -756
    -1076
       21
        0
        0
       55
     1616
     2764
     3585
     1671
     -358
     -716
     -406
     -948
    -1715
        8
      488
        0
        0
      413
      838
     1293
      967
      946
      353
      221
      371
    -1983
     -925
      384
      104
        0
        0
     -341
     -831
     -810
     -418
     1604
     1519
     2005
     -558
    -1288
      159
      332
        0
        0
        0
      104
     -223
    -1117
    -1246
      -93
     -244
     -498
    -1021
      521
      564
        0
        0
        0
        0
        0
      173
       10
      451
     -156
     -537
    -1956
    -1163
     -712
     -190
        0
        0
        0
        0
        0
        0
        0
     -509
    -1211
    -2150
    -2828
    -1264
     -274
      235
        0
        0
        0
        0
        0
        0
        0
      -25
    -1014
    -1960
     -726
      399
      -12
       25
        0
        0
        0
        0
        0
        0
        0
      173
     -535
     -393
        9
      -12
        0
        0
        0
        0
        0
        0
        0
        0
        0
        0
        0
        0
        0
        0
        0
        0
        0
        0
        0
        0
