       619
       441
       539
       296
       399
       806
       250
       653
       982
      1633
      1435
      2227
      1611
       -97
      1485
      1837
       227
      -951
       723
       286
      -100
      1283
      1645
       590
      1027
      1363
       914
       589
      -269
      -563
       179
       719
      1589
      1045
       351
       941
      1310
       111
       891
      1883
      1348
       500
       594
       780
      1324
      1838
      1567
      1178
       378
