      -119
      -713
        21
       -71
       878
       494
      -319
      -333
       624
       399
      1074
       733
        46
         4
      -354
       497
      1189
      2830
      1210
       324
       471
       460
       765
      1283
        22
      -270
        40
       834
       301
       427
      1370
       270
      1680
       456
       453
      -397
      -486
       -73
     -1039
       113
       -34
        39
       222
       -83
       114
       546
       715
       539
       143
