        0
        0
        0
        0
        0
        0
        0
        0
        0
        0
        0
        0
        0
        0
        0
        0
        0
        0
        0
        0
        0
      142
       41
      273
      174
      -42
        0
        0
        0
        0
        0
        0
        0
       65
      -21
     -102
      -48
      599
      141
      110
        0
        0
        0
        0
        0
       65
     -160
      -34
     -169
      460
     -196
     1540
     1346
      881
        0
        0
        0
       29
        7
     -352
        6
     -193
      856
     2473
     3048
     3998
     2575
     1563
        0
        0
      -77
      -35
      -84
      -30
      257
     2111
     2495
     3191
     4788
     3798
     1669
      484
        0
        0
      145
      -37
      754
     2120
     1975
     2481
      300
     3075
     4451
     2065
      307
       -1
        0
        0
     -155
      208
     1694
     2692
     1137
       89
     1095
     5224
     3506
     1167
      373
        0
        0
        0
     -103
       85
      570
      471
      664
     2300
     3610
     4327
     2317
     1135
        0
        0
        0
        0
        0
     -143
      -22
      463
       46
     2998
     3256
     2426
     1124
      864
        0
        0
        0
        0
        0
        0
        0
     -347
      327
     3552
     2736
     1977
      437
      347
        0
        0
        0
        0
        0
        0
        0
     -102
      787
     1214
      375
      233
     -191
       29
        0
        0
        0
        0
        0
        0
        0
     -143
       -1
        8
     -265
     -146
        0
        0
        0
        0
        0
        0
        0
        0
        0
        0
        0
        0
        0
        0
        0
        0
        0
        0
        0
        0
