        0
        0
        0
        0
        0
        0
        0
        0
        0
        0
        0
        0
        0
        0
        0
        0
        0
        0
        0
        0
        0
     -271
     -184
      120
     -243
     -110
        0
        0
        0
        0
        0
        0
        0
     -424
     -514
     -380
      494
      542
    -1108
     -412
        0
        0
        0
        0
        0
     -424
     -562
      266
     1405
     1202
     1518
     1038
     -893
      -74
        0
        0
        0
     -645
     -420
      -69
     1980
     1811
      937
     1958
     1167
    -2051
    -3556
    -1273
        0
        0
     -153
      -99
     2043
     1449
     1775
      261
      145
      670
     -777
    -3409
    -2140
     -587
        0
        0
      411
     1946
     2275
     -459
    -3590
    -4047
     -463
      585
    -2560
    -3233
    -1293
     -238
        0
        0
      153
     1059
      495
    -1649
    -2922
    -1354
      -62
    -1214
    -3640
    -1854
     -568
        0
        0
        0
     -373
     -168
     -359
    -1455
       41
      956
     -760
    -1701
    -2439
     -690
        0
        0
        0
        0
        0
     -228
     -294
      674
     1858
      412
    -1384
    -3225
    -2622
     -460
        0
        0
        0
        0
        0
        0
        0
      693
      360
     -771
    -3016
    -3576
    -1399
     -189
        0
        0
        0
        0
        0
        0
        0
     -271
     -594
    -1757
    -2044
    -1726
     -323
      -51
        0
        0
        0
        0
        0
        0
        0
     -228
       18
     -644
     -387
      -88
        0
        0
        0
        0
        0
        0
        0
        0
        0
        0
        0
        0
        0
        0
        0
        0
        0
        0
        0
        0
