       0
       0
       0
       0
       0
       0
       0
       0
       0
       0
       0
       0
       0
       0
       0
       0
       0
       0
       0
       0
       0
       0
       0
       0
       0
       0
       0
       0
       0
       0
       0
       0
       0
       0
       0
       0
       0
       0
       0
       0
       0
       0
       0
       0
       0
       0
       0
       0
       0
       0
       0
       0
       0
       0
       0
       0
       0
       0
       0
       0
       0
       0
       0
       0
       0
       0
       0
       0
       0
       0
       0
       0
       0
       0
       0
       0
       0
       0
       0
       0
       0
       0
       0
       0
       0
       0
       0
       0
       0
       0
       0
       0
       0
       0
       0
       0
       0
       0
       0
       0
       0
       0
       0
       0
       0
       0
       0
       0
       0
       0
       0
       0
       0
       0
       0
       0
       0
       0
       0
       0
       0
       0
       0
       0
       0
       0
       0
       0
       0
       0
       0
       0
       0
       0
       0
       0
       0
       0
       0
       0
       0
       0
       0
       0
       0
       0
       0
       0
       0
       0
       0
       0
       0
       0
       0
   -1570
  -15211
  -28394
  -22987
    3647
     595
       0
       0
       0
       0
       0
       0
       0
       0
       0
       0
       0
       0
       0
       0
       0
       0
       0
       0
       0
       0
   -4396
  -15524
  -36048
  -54970
  -54150
  -57176
  -20696
   23855
     861
       0
       0
       0
       0
       0
       0
       0
       0
       0
       0
       0
       0
       0
       0
       0
       0
    -628
   -6524
  -14323
  -43715
  -54261
  -45665
  -35297
  -37666
   -3504
   55310
   60429
   25770
       0
       0
       0
       0
       0
       0
       0
       0
       0
       0
       0
       0
       0
       0
   -1256
   -5198
  -15617
  -46857
  -53715
  -35468
  -22679
    -997
  -25884
  -17030
   55698
   45681
   95010
   36198
       0
       0
       0
       0
       0
       0
       0
       0
       0
       0
       0
       0
   -1570
   -1395
  -24106
  -47728
  -52737
  -32724
  -25957
   24693
   25929
   -7527
    6594
   20577
   59159
   73450
   77901
    2511
       0
       0
       0
       0
       0
       0
       0
       0
       0
       0
    -628
   -5582
  -31321
  -49952
  -48558
  -39681
  -17226
   25873
   23980
   38657
   14165
    1981
  -16908
   27597
   55704
   89871
   23436
       0
       0
       0
       0
       0
       0
       0
       0
       0
       0
       0
  -34452
  -49945
  -49824
  -42816
    -358
   16613
   33161
   37457
   51676
   28674
  -10707
  -19695
  -22273
   30601
   89326
   49238
       0
       0
       0
       0
       0
       0
       0
       0
       0
       0
       0
  -22922
  -55252
  -51174
   -5083
   18184
   39491
   41735
   48493
   38855
   44457
  -32600
  -24612
  -46450
   17619
   68828
   82153
    6138
       0
       0
       0
       0
       0
       0
       0
       0
       0
       0
       0
   -7307
  -25849
  -68184
  -26334
   -2535
   42578
   50482
   36406
   13866
  -21081
  -43845
  -52689
  -10726
   50065
   90201
   27342
       0
       0
       0
       0
       0
       0
       0
       0
       0
       0
       0
       0
   12318
   12669
  -22227
   16754
   17032
    3807
    -837
    6112
   -1162
  -52620
  -38197
  -29049
   25398
   88092
   55582
       0
       0
       0
       0
       0
       0
       0
       0
       0
       0
       0
       0
       0
   -1680
  -17430
   -7278
   36642
   34251
   33167
   19810
  -17679
  -28116
  -17068
  -49959
   14007
   64179
   86475
    9765
       0
       0
       0
       0
       0
       0
       0
       0
       0
       0
       0
       0
       0
       0
       0
   -1968
  -19482
   -4002
   35652
   34944
   27750
   29259
    8548
  -48395
   30560
   93949
   31403
       0
       0
       0
       0
       0
       0
       0
       0
       0
       0
       0
       0
       0
       0
       0
       0
       0
       0
   -1896
  -18879
   -5225
  -29283
  -17422
   22663
   -1195
   19025
   93668
   14414
       0
       0
       0
       0
       0
       0
       0
       0
       0
       0
       0
       0
       0
       0
       0
       0
       0
       0
       0
       0
  -45269
  -51001
  -56863
   69975
   71256
   70680
   69545
   61141
       0
       0
       0
       0
       0
       0
       0
       0
       0
       0
       0
       0
       0
       0
       0
       0
       0
       0
       0
  -16328
  -50335
  -45689
  -21476
   36397
   81327
   13080
   41009
   69109
       0
       0
       0
       0
       0
       0
       0
       0
       0
       0
       0
       0
       0
       0
       0
       0
       0
       0
       0
   10452
   14685
  -38869
   20805
   80517
   67078
  -13662
   10149
   14787
       0
       0
       0
       0
       0
       0
       0
       0
       0
       0
       0
       0
       0
       0
       0
       0
       0
       0
       0
   -1248
     957
  -26586
   24801
   83370
   17298
       0
       0
       0
       0
       0
       0
       0
       0
       0
       0
       0
       0
       0
       0
       0
       0
       0
       0
       0
       0
       0
       0
       0
   -1944
  -17001
    2952
   30969
       0
       0
       0
       0
       0
       0
       0
       0
       0
       0
       0
       0
       0
       0
       0
       0
       0
       0
       0
       0
       0
       0
       0
       0
       0
       0
       0
       0
       0
       0
       0
       0
       0
       0
       0
       0
       0
       0
       0
       0
       0
       0
       0
       0
       0
       0
       0
       0
       0
       0
       0
       0
       0
       0
       0
       0
       0
       0
       0
       0
       0
       0
       0
       0
       0
       0
       0
       0
       0
       0
       0
       0
       0
       0
       0
       0
       0
       0
       0
       0
       0
       0
       0
       0
       0
       0
       0
       0
       0
       0
       0
       0
       0
       0
       0
       0
       0
       0
       0
       0
       0
       0
       0
       0
       0
       0
       0
       0
       0
       0
       0
       0
       0
       0
       0
       0
       0
       0
       0
       0
       0
       0
       0
       0
       0
       0
       0
       0
       0
       0
       0
       0
       0
       0
       0
       0
       0
       0
       0
       0
       0
       0
       0
       0
       0
       0
       0
       0
       0
       0
       0
       0
       0
       0
       0
