        70
       278
       605
      1733
      1561
      1199
       933
       399
      2247
      3557
      2496
       918
      -506
         9
      2301
      3343
      1566
       627
      1158
       676
       766
       152
      1693
      3513
      2324
       842
      1151
       707
      -148
       498
      1862
      1250
       197
       688
       562
      -423
      -888
       123
      1536
      1133
       720
      -115
      -482
      -368
      -413
      -768
      -151
       -53
      -189
