0
0
0
0
0
0
0
0
0
0
0
0
0
0
0
0
0
0
0
0
0
0
0
0
0
0
0
0
0
0
0
0
0
0
0
0
0
0
0
0
0
0
0
0
0
0
0
0
0
0
0
0
0
0
0
0
0
0
0
0
0
0
0
0
0
0
0
0
0
0
0
0
0
0
0
0
0
0
0
0
0
0
0
0
0
0
0
0
0
0
0
0
0
0
0
0
0
0
0
0
0
0
0
0
0
0
0
0
0
0
0
0
0
0
0
0
0
0
0
0
0
0
0
0
0
0
0
0
0
0
0
0
0
0
0
0
0
0
0
0
0
0
0
0
0
0
0
0
0
0
0
0
0
0
0
0
0
0
0
0
0
0
0
0
0
0
0
0
0
0
0
0
0
0
0
0
0
0
0
0
0
0
0
0
5
49
96
85
0
0
0
0
0
0
0
0
0
0
0
0
0
0
0
0
0
0
0
0
0
0
14
51
124
219
241
255
123
0
0
0
0
0
0
0
0
0
0
0
0
0
0
0
0
0
0
2
21
48
154
217
237
252
255
222
9
0
0
0
0
0
0
0
0
0
0
0
0
0
0
0
0
4
17
53
168
213
229
188
154
255
255
84
0
0
0
0
0
0
0
0
0
0
0
0
0
0
0
5
5
80
170
217
223
190
84
23
186
255
160
0
0
0
0
0
0
0
0
0
0
0
0
0
0
2
18
105
172
228
226
186
68
31
5
103
255
235
22
0
0
0
0
0
0
0
0
0
0
0
0
0
0
111
182
241
236
162
67
27
2
0
27
241
255
98
0
0
0
0
0
0
0
0
0
0
0
0
0
0
73
255
254
175
68
16
0
0
0
0
165
255
173
0
0
0
0
0
0
0
0
0
0
0
0
0
0
0
70
210
255
255
179
53
0
0
0
90
255
249
35
0
0
0
0
0
0
0
0
0
0
0
0
0
0
0
0
0
82
207
255
255
182
56
14
228
255
111
0
0
0
0
0
0
0
0
0
0
0
0
0
0
0
0
0
0
0
0
79
204
255
255
227
255
186
0
0
0
0
0
0
0
0
0
0
0
0
0
0
0
0
0
0
0
0
0
0
0
76
217
255
255
201
62
0
0
0
0
0
0
0
0
0
0
0
0
0
0
0
0
0
0
0
0
0
0
1
214
255
226
255
208
0
0
0
0
0
0
0
0
0
0
0
0
0
0
0
0
0
0
0
0
0
0
139
255
200
0
70
53
0
0
0
0
0
0
0
0
0
0
0
0
0
0
0
0
0
0
0
0
0
52
255
255
62
0
0
0
0
0
0
0
0
0
0
0
0
0
0
0
0
0
0
0
0
0
0
0
0
0
81
111
0
0
0
0
0
0
0
0
0
0
0
0
0
0
0
0
0
0
0
0
0
0
0
0
0
0
0
0
0
0
0
0
0
0
0
0
0
0
0
0
0
0
0
0
0
0
0
0
0
0
0
0
0
0
0
0
0
0
0
0
0
0
0
0
0
0
0
0
0
0
0
0
0
0
0
0
0
0
0
0
0
0
0
0
0
0
0
0
0
0
0
0
0
0
0
0
0
0
0
0
0
0
0
0
0
0
0
0
0
0
0
0
0
0
0
0
0
0
0
0
0
0
0
0
0
0
0
0
0
0
0
0
0
0
0
0
0
0
0
0
0
0
0
0
0
0
0
0
0
0
0
0
0
0
0
0
0
0
0
0
0
0
0
0
0
0
0
0
0
0
0
0
0
0
0
0
0
0
0
0
0
0
0
0
